Pradinė sudoku lentelė

| 0 | 0 | 0 | 4 | 0 | 3 | 
-------------------------
| 0 | 0 | 0 | 6 | 1 | 2 | 
-------------------------
| 0 | 2 | 6 | 0 | 3 | 4 | 
-------------------------
| 3 | 4 | 1 | 2 | 6 | 5 | 
-------------------------
| 1 | 5 | 4 | 3 | 2 | 6 | 
-------------------------
| 2 | 6 | 3 | 5 | 4 | 1 | 
-------------------------
Rezultatai

| 6 | 1 | 2 | 4 | 5 | 3 | 
-------------------------
| 4 | 3 | 5 | 6 | 1 | 2 | 
-------------------------
| 5 | 2 | 6 | 1 | 3 | 4 | 
-------------------------
| 3 | 4 | 1 | 2 | 6 | 5 | 
-------------------------
| 1 | 5 | 4 | 3 | 2 | 6 | 
-------------------------
| 2 | 6 | 3 | 5 | 4 | 1 | 
-------------------------
